image: aut_voxel.pgm
resolution: 0.050000
origin: [-17.100000, -20.283647, 0.000000]
negate: 0
occupied_thresh: 0.65
free_thresh: 0.196

