image: 3laps.pgm
resolution: 0.050000
origin: [-9.917841, -22.287828, 0.000000]
negate: 0
occupied_thresh: 0.65
free_thresh: 0.196

