image: obstacles_3laps.pgm
resolution: 0.050000
origin: [-9.271161, -22.913040, 0.000000]
negate: 0
occupied_thresh: 0.65
free_thresh: 0.196

