image: rectangle_3lap.pgm
resolution: 0.050000
origin: [-1.911243, -17.076112, 0.000000]
negate: 0
occupied_thresh: 0.65
free_thresh: 0.196

