image: rounded_edges2.pgm
resolution: 0.050000
origin: [-9.415440, -17.355594, 0.000000]
negate: 0
occupied_thresh: 0.65
free_thresh: 0.196

